9 111463878 111463878 RP11 339N8.1
9 111464505 111464505 RP11 339N8.1
9 111465136 111465136 RP11 339N8.1
9 111584123 111584123 -
9 111584123 111584123 RPL36AP35
9 111598710 111598710 -
9 111598710 111598710 RP11 3J11.1
9 111617650 111617650 ACTL7B
9 111618309 111618309 ACTL7B
9 111618796 111618796 ACTL7B
9 111618926 111618926 ACTL7B
9 111625913 111625913 -
9 111625913 111625913 ACTL7A
9 111625913 111625913 IKBKAP
9 111633417 111633417 IKBKAP
9 111634562 111634562 IKBKAP
9 111634748 111634748 IKBKAP
9 111640667 111640667 IKBKAP
9 111643001 111643001 IKBKAP
9 111643130 111643130 IKBKAP
9 111643367 111643367 IKBKAP
9 111643477 111643477 IKBKAP
9 111643555 111643555 IKBKAP
9 111644396 111644396 IKBKAP
9 111645198 111645198 IKBKAP
9 111646525 111646525 IKBKAP
9 111647581 111647581 IKBKAP
9 111647816 111647816 IKBKAP
9 111648262 111648262 -
9 111648262 111648262 IKBKAP
9 111650153 111650153 IKBKAP
9 111650663 111650663 IKBKAP
9 111651497 111651497 IKBKAP
9 111651497 111651499 IKBKAP
9 111651499 111651499 IKBKAP
9 111652477 111652477 IKBKAP
9 111654069 111654069 IKBKAP
9 111654180 111654180 IKBKAP
9 111657370 111657370 IKBKAP
9 111657386 111657386 IKBKAP
9 111657419 111657419 IKBKAP
9 111658070 111658070 IKBKAP
9 111658354 111658354 IKBKAP
9 111658397 111658397 IKBKAP
9 111658468 111658468 IKBKAP
9 111658472 111658472 IKBKAP
9 111659021 111659021 IKBKAP
9 111659483 111659483 IKBKAP
9 111660002 111660002 IKBKAP
9 111660623 111660623 IKBKAP
9 111660851 111660851 IKBKAP
9 111661421 111661422 IKBKAP
9 111661422 111661422 IKBKAP
9 111662350 111662350 IKBKAP
9 111662726 111662726 IKBKAP
9 111662726 111662727 IKBKAP
9 111662727 111662727 IKBKAP
9 111664121 111664121 IKBKAP
9 111664178 111664178 IKBKAP
9 111664836 111664836 IKBKAP
9 111665719 111665719 IKBKAP
9 111667319 111667319 IKBKAP
9 111670423 111670423 IKBKAP
9 111670513 111670513 IKBKAP
9 111670707 111670707 IKBKAP
9 111671700 111671700 IKBKAP
9 111672524 111672524 IKBKAP
9 111673109 111673109 IKBKAP
9 111673110 111673110 IKBKAP
9 111673137 111673137 IKBKAP
9 111675261 111675261 IKBKAP
9 111675331 111675331 IKBKAP
9 111675331 111675333 IKBKAP
9 111675333 111675333 IKBKAP
9 111676344 111676344 IKBKAP
9 111676540 111676540 IKBKAP
9 111677120 111677120 IKBKAP
9 111677220 111677220 IKBKAP
9 111677353 111677353 IKBKAP
9 111677353 111677354 IKBKAP
9 111677725 111677725 IKBKAP
9 111678016 111678016 IKBKAP
9 111678025 111678025 IKBKAP
9 111678098 111678098 IKBKAP
9 111678428 111678428 IKBKAP
9 111679012 111679012 IKBKAP
9 111680865 111680865 IKBKAP
9 111681864 111681864 IKBKAP
9 111683898 111683898 IKBKAP
9 111684139 111684139 IKBKAP
9 111686896 111686896 IKBKAP
9 111687584 111687584 IKBKAP
9 111687806 111687806 IKBKAP
9 111688387 111688387 IKBKAP
9 111688767 111688767 IKBKAP
9 111689953 111689953 IKBKAP
9 111690388 111690388 IKBKAP
9 111692894 111692894 FAM206A
9 111692894 111692894 IKBKAP
9 111693132 111693132 FAM206A
9 111693132 111693132 IKBKAP
9 111695607 111695607 -
9 111695607 111695607 FAM206A
9 111695607 111695607 IKBKAP
9 111695832 111695832 -
9 111695832 111695832 FAM206A
9 111695832 111695832 IKBKAP
9 111696043 111696043 -
9 111696043 111696043 FAM206A
9 111696043 111696043 IKBKAP
9 111696389 111696389 -
9 111696389 111696389 FAM206A
9 111696389 111696389 IKBKAP
9 111697054 111697054 -
9 111697054 111697054 FAM206A
9 111697054 111697054 IKBKAP
9 111697427 111697427 -
9 111697427 111697427 FAM206A
9 111697427 111697427 IKBKAP
9 111699569 111699569 FAM206A
9 111699569 111699569 IKBKAP
9 111704064 111704064 CTNNAL1
9 111704064 111704064 FAM206A
9 111705501 111705501 CTNNAL1
9 111705501 111705501 FAM206A
9 111709628 111709628 CTNNAL1
9 111709628 111709628 FAM206A
9 111709659 111709659 CTNNAL1
9 111709659 111709659 FAM206A
9 111711861 111711861 CTNNAL1
9 111711861 111711861 FAM206A
9 111712924 111712924 CTNNAL1
9 111712924 111712924 FAM206A
9 111713520 111713520 -
9 111713520 111713520 CTNNAL1
9 111713520 111713520 FAM206A
9 111715207 111715207 CTNNAL1
9 111715207 111715207 FAM206A
9 111715800 111715800 CTNNAL1
9 111715800 111715800 FAM206A
9 111717111 111717111 CTNNAL1
9 111717111 111717111 FAM206A
9 111717112 111717112 CTNNAL1
9 111717112 111717112 FAM206A
9 111717138 111717138 CTNNAL1
9 111717138 111717138 FAM206A
9 111718348 111718348 CTNNAL1
9 111727122 111727122 CTNNAL1
9 111727529 111727529 CTNNAL1
9 111727670 111727670 CTNNAL1
9 111728067 111728067 CTNNAL1
9 111728718 111728718 CTNNAL1
9 111731167 111731167 CTNNAL1
9 111731785 111731785 CTNNAL1
9 111732140 111732140 CTNNAL1
9 111733216 111733216 CTNNAL1
9 111737152 111737152 CTNNAL1
9 111743768 111743768 CTNNAL1
9 111743769 111743769 CTNNAL1
9 111746097 111746097 CTNNAL1
9 111746267 111746267 -
9 111746267 111746267 CTNNAL1
9 111746607 111746607 CTNNAL1
9 111750523 111750523 CTNNAL1
9 111750523 111750523 RNA5 8SP3
9 111758245 111758245 -
9 111758245 111758245 CTNNAL1
9 111758245 111758245 RNA5 8SP3
9 111758590 111758590 -
9 111758590 111758590 CTNNAL1
9 111758590 111758590 RNA5 8SP3
9 111761012 111761012 CTNNAL1
9 111761784 111761784 CTNNAL1
9 111762010 111762010 CTNNAL1
9 111762102 111762102 CTNNAL1
9 111762385 111762385 CTNNAL1
9 111762925 111762925 CTNNAL1
9 111763010 111763010 -
9 111763010 111763010 CTNNAL1
9 111763285 111763286 -
9 111763285 111763286 CTNNAL1
9 111763286 111763286 -
9 111763286 111763286 CTNNAL1
9 111764270 111764270 CTNNAL1
9 111767040 111767040 CTNNAL1
9 111769543 111769543 CTNNAL1
9 111770626 111770626 CTNNAL1
9 111772348 111772348 CTNNAL1
9 111772476 111772476 CTNNAL1
9 111772476 111772476 TMEM245
9 111772814 111772814 CTNNAL1
9 111772814 111772814 TMEM245
9 111772918 111772918 CTNNAL1
9 111772918 111772918 TMEM245
9 111773317 111773317 CTNNAL1
9 111773317 111773317 TMEM245
9 111774636 111774636 -
9 111774636 111774636 CTNNAL1
9 111774636 111774636 TMEM245
9 111775502 111775502 -
9 111775502 111775502 CTNNAL1
9 111775502 111775502 TMEM245
9 111779229 111779229 CTNNAL1
9 111779229 111779229 TMEM245
9 111781151 111781151 TMEM245
9 111781152 111781152 TMEM245
9 111781495 111781495 TMEM245
9 111781779 111781779 TMEM245
9 111782531 111782531 TMEM245
9 111782670 111782670 TMEM245
9 111783771 111783771 TMEM245
9 111788228 111788228 TMEM245
9 111788975 111788975 TMEM245
9 111790432 111790432 TMEM245
9 111791992 111791992 TMEM245
9 111792640 111792640 TMEM245
9 111793719 111793719 TMEM245
9 111796231 111796231 TMEM245
9 111796753 111796753 TMEM245
9 111796869 111796869 TMEM245
9 111798325 111798325 -
9 111798325 111798325 TMEM245
9 111799369 111799369 -
9 111799369 111799369 TMEM245
9 111801325 111801325 -
9 111801325 111801325 TMEM245
9 111801325 111801325 Y_RNA
9 111801353 111801353 -
9 111801353 111801353 TMEM245
9 111801353 111801353 Y_RNA
9 111801724 111801724 -
9 111801724 111801724 TMEM245
9 111801724 111801724 Y_RNA
9 111802614 111802614 TMEM245
9 111802614 111802614 Y_RNA
9 111802731 111802731 TMEM245
9 111802731 111802731 Y_RNA
9 111803128 111803128 TMEM245
9 111803128 111803128 Y_RNA
9 111804239 111804239 MIR32
9 111804239 111804239 TMEM245
9 111804239 111804239 Y_RNA
9 111805188 111805188 MIR32
9 111805188 111805188 TMEM245
9 111805188 111805188 Y_RNA
9 111807394 111807394 MIR32
9 111807394 111807394 TMEM245
9 111807394 111807394 Y_RNA
9 111808152 111808152 MIR32
9 111808152 111808152 TMEM245
9 111808152 111808152 Y_RNA
9 111809295 111809295 MIR32
9 111809295 111809295 TMEM245
9 111809295 111809295 Y_RNA
9 111809530 111809530 MIR32
9 111809530 111809530 TMEM245
9 111809530 111809530 Y_RNA
9 111810573 111810573 MIR32
9 111810573 111810573 TMEM245
9 111810805 111810805 MIR32
9 111810805 111810805 TMEM245
9 111813832 111813832 TMEM245
9 111814478 111814478 TMEM245
9 111814498 111814498 TMEM245
9 111814756 111814756 TMEM245
9 111815340 111815340 TMEM245
9 111815694 111815694 TMEM245
9 111815917 111815917 TMEM245
9 111816903 111816903 TMEM245
9 111816903 111816904 TMEM245
9 111820055 111820055 TMEM245
9 111820300 111820300 TMEM245
9 111821530 111821530 TMEM245
9 111822866 111822866 TMEM245
9 111823164 111823164 TMEM245
9 111823994 111823994 TMEM245
9 111824040 111824040 TMEM245
9 111826032 111826032 -
9 111826032 111826032 TMEM245
9 111827254 111827254 TMEM245
9 111827614 111827614 -
9 111827614 111827614 TMEM245
9 111829757 111829757 TMEM245
9 111829792 111829792 TMEM245
9 111831600 111831600 TMEM245
9 111831825 111831825 TMEM245
9 111832192 111832192 TMEM245
9 111832471 111832471 TMEM245
9 111833791 111833791 TMEM245
9 111833791 111833792 TMEM245
9 111833792 111833792 TMEM245
9 111833837 111833837 TMEM245
9 111835034 111835034 TMEM245
9 111835960 111835960 TMEM245
9 111835960 111835964 TMEM245
9 111836941 111836941 TMEM245
9 111837776 111837776 TMEM245
9 111837791 111837791 TMEM245
9 111841492 111841492 TMEM245
9 111842194 111842194 TMEM245
9 111844246 111844246 TMEM245
9 111844929 111844930 TMEM245
9 111845455 111845455 TMEM245
9 111845503 111845503 TMEM245
9 111848819 111848819 -
9 111848819 111848819 TMEM245
9 111850710 111850710 TMEM245
9 111851333 111851333 TMEM245
9 111851902 111851902 TMEM245
9 111852905 111852905 TMEM245
9 111857440 111857440 TMEM245
9 111859323 111859323 -
9 111859323 111859323 TMEM245
9 111860185 111860185 -
9 111860185 111860185 TMEM245
9 111860418 111860418 -
9 111860418 111860418 TMEM245
9 111864802 111864802 -
9 111864802 111864802 TMEM245
9 111865052 111865052 -
9 111865052 111865052 TMEM245
9 111866749 111866749 TMEM245
9 111867271 111867271 TMEM245
9 111867290 111867290 TMEM245
9 111868344 111868344 TMEM245
9 111868885 111868885 TMEM245
9 111871341 111871341 TMEM245
9 111871864 111871864 TMEM245
9 111872097 111872097 TMEM245
9 111872809 111872809 -
9 111872809 111872809 TMEM245
9 111874746 111874746 TMEM245
9 111875085 111875085 TMEM245
9 111875463 111875463 TMEM245
9 111876523 111876523 TMEM245
9 111877963 111877963 TMEM245
9 111878172 111878172 TMEM245
9 111878956 111878956 TMEM245
9 111879323 111879323 TMEM245
9 111879323 111879324 TMEM245
9 111879398 111879398 TMEM245
9 111879398 111879402 TMEM245
9 111880026 111880026 -
9 111880026 111880026 TMEM245
9 111880693 111880693 -
9 111880693 111880693 TMEM245
9 111880713 111880713 -
9 111880713 111880713 TMEM245
9 111881400 111881400 -
9 111881400 111881400 TMEM245
9 111881856 111881856 -
9 111881856 111881856 TMEM245
9 111881927 111881927 -
9 111881927 111881927 TMEM245
9 111882166 111882168 -
9 111882166 111882168 TMEM245
9 111882167 111882167 -
9 111882167 111882167 TMEM245
9 111892999 111892999 FRRS1L
9 111899132 111899132 FRRS1L
9 111899928 111899928 FRRS1L
9 111900677 111900677 FRRS1L
9 111901372 111901372 FRRS1L
9 111904404 111904404 FRRS1L
9 111905533 111905533 FRRS1L
9 111906742 111906742 -
9 111906742 111906742 FRRS1L
9 111906755 111906755 -
9 111906755 111906755 FRRS1L
9 111906999 111906999 FRRS1L
9 111907101 111907101 FRRS1L
9 111907803 111907803 FRRS1L
9 111909691 111909691 FRRS1L
9 111910051 111910051 FRRS1L
9 111913335 111913335 FRRS1L
9 111913454 111913454 FRRS1L
9 111913550 111913550 -
9 111913550 111913550 FRRS1L
9 111914945 111914945 FRRS1L
9 111917116 111917116 FRRS1L
9 111917978 111917978 FRRS1L
9 111918365 111918365 FRRS1L
9 111920392 111920392 FRRS1L
9 111921427 111921427 FRRS1L
9 111921976 111921976 FRRS1L
9 111923460 111923460 FRRS1L
9 111926898 111926898 FRRS1L
9 111927723 111927723 FRRS1L
9 111934261 111934261 EPB41L4B
9 111934261 111934261 FRRS1L
9 111935794 111935794 EPB41L4B
9 111936128 111936128 EPB41L4B
9 111936732 111936732 EPB41L4B
9 111937507 111937507 EPB41L4B
9 111937552 111937552 EPB41L4B
9 111937890 111937890 EPB41L4B
9 111938125 111938125 EPB41L4B
9 111938268 111938268 EPB41L4B
9 111940346 111940346 EPB41L4B
9 111940664 111940665 EPB41L4B
9 111940665 111940665 EPB41L4B
9 111941272 111941272 EPB41L4B
9 111943210 111943210 EPB41L4B
9 111943346 111943346 EPB41L4B
9 111944243 111944243 EPB41L4B
9 111945049 111945049 EPB41L4B
9 111945992 111945992 -
9 111945992 111945992 EPB41L4B
9 111946208 111946208 -
9 111946208 111946208 EPB41L4B
9 111950088 111950088 EPB41L4B
9 111951065 111951065 EPB41L4B
9 111954115 111954115 EPB41L4B
9 111954115 111954115 RNU6 984P
9 111961389 111961389 -
9 111961389 111961389 EPB41L4B
9 111961389 111961389 RNU6 984P
9 111961880 111961880 EPB41L4B
9 111961880 111961880 RNU6 984P
9 111962304 111962304 EPB41L4B
9 111962304 111962304 RNU6 984P
9 111962418 111962418 EPB41L4B
9 111962418 111962418 RNU6 984P
9 111962817 111962817 EPB41L4B
9 111962817 111962817 RNU6 984P
9 111963366 111963366 EPB41L4B
9 111963366 111963366 RNU6 984P
9 111963641 111963641 EPB41L4B
9 111963923 111963923 EPB41L4B
9 111964460 111964460 EPB41L4B
9 111965044 111965044 EPB41L4B
9 111966736 111966736 EPB41L4B
9 111966930 111966930 EPB41L4B
9 111970471 111970471 EPB41L4B
9 111973719 111973719 EPB41L4B
9 111980234 111980234 EPB41L4B
9 111991055 111991055 EPB41L4B
9 111991981 111991981 EPB41L4B
9 111992509 111992509 EPB41L4B
9 111993258 111993258 EPB41L4B
9 111994204 111994204 EPB41L4B
9 111994722 111994722 -
9 111994722 111994722 EPB41L4B
9 112020668 112020668 EPB41L4B
9 112021544 112021544 -
9 112021544 112021544 EPB41L4B
9 112021708 112021708 -
9 112021708 112021708 EPB41L4B
9 112021744 112021744 -
9 112021744 112021744 EPB41L4B
9 112022255 112022255 EPB41L4B
9 112023527 112023527 EPB41L4B
9 112023659 112023659 AL358815.1
9 112023659 112023659 EPB41L4B
9 112024242 112024242 AL358815.1
9 112024242 112024242 EPB41L4B
9 112024391 112024391 AL358815.1
9 112024391 112024391 EPB41L4B
9 112024496 112024496 AL358815.1
9 112024496 112024496 EPB41L4B
9 112024563 112024563 AL358815.1
9 112024563 112024563 EPB41L4B
9 112026059 112026059 AL358815.1
9 112026059 112026059 EPB41L4B
9 112026060 112026060 AL358815.1
9 112026060 112026060 EPB41L4B
9 112026190 112026190 AL358815.1
9 112026190 112026190 EPB41L4B
9 112027651 112027651 -
9 112027651 112027651 AL358815.1
9 112027651 112027651 EPB41L4B
9 112027663 112027663 -
9 112027663 112027663 AL358815.1
9 112027663 112027663 EPB41L4B
9 112028244 112028248 AL358815.1
9 112028244 112028248 EPB41L4B
9 112028245 112028245 AL358815.1
9 112028245 112028245 EPB41L4B
9 112030900 112030900 AL358815.1
9 112030900 112030900 EPB41L4B
9 112030914 112030914 AL358815.1
9 112030914 112030914 EPB41L4B
9 112030914 112030916 AL358815.1
9 112030914 112030916 EPB41L4B
9 112030916 112030916 AL358815.1
9 112030916 112030916 EPB41L4B
9 112031133 112031133 AL358815.1
9 112031133 112031133 EPB41L4B
9 112032176 112032176 AL358815.1
9 112032176 112032176 EPB41L4B
9 112033349 112033356 -
9 112033349 112033356 AL358815.1
9 112033349 112033356 EPB41L4B
9 112033350 112033350 -
9 112033350 112033350 AL358815.1
9 112033350 112033350 EPB41L4B
9 112033401 112033401 AL358815.1
9 112033401 112033401 EPB41L4B
9 112033697 112033697 EPB41L4B
9 112034360 112034360 EPB41L4B
9 112035766 112035766 EPB41L4B
9 112036118 112036120 EPB41L4B
9 112036119 112036119 EPB41L4B
9 112038313 112038313 EPB41L4B
9 112038589 112038590 EPB41L4B
9 112038590 112038590 EPB41L4B
9 112039936 112039936 EPB41L4B
9 112041925 112041925 EPB41L4B
9 112044763 112044763 EPB41L4B
9 112047495 112047495 EPB41L4B
9 112047740 112047740 EPB41L4B
9 112047741 112047741 EPB41L4B
9 112049876 112049876 EPB41L4B
9 112051175 112051175 EPB41L4B
9 112052955 112052955 EPB41L4B
9 112055814 112055814 EPB41L4B
9 112058964 112058964 -
9 112058964 112058964 EPB41L4B
9 112058964 112058964 MTND2P11
9 112059834 112059834 -
9 112059834 112059834 EPB41L4B
9 112059834 112059834 MTND2P11
9 112060144 112060144 -
9 112060144 112060144 EPB41L4B
9 112060144 112060144 MTND2P11
9 112064976 112064976 EPB41L4B
9 112064976 112064976 MTND2P11
9 112066022 112066022 EPB41L4B
9 112066022 112066022 MTND2P11
9 112070162 112070162 -
9 112070162 112070162 EPB41L4B
9 112072419 112072419 EPB41L4B
9 112074728 112074728 EPB41L4B
9 112074733 112074733 EPB41L4B
